{
 "cells": [
  {
   "cell_type": "code",
   "execution_count": 1,
   "id": "29c7c450-fdaa-4f3d-8e1d-b81dc2473f65",
   "metadata": {
    "vscode": {
     "languageId": "r"
    }
   },
   "outputs": [
    {
     "name": "stderr",
     "output_type": "stream",
     "text": [
      "Warning message:\n",
      "\"package 'dplyr' was built under R version 4.3.1\"\n",
      "\n",
      "Attaching package: 'dplyr'\n",
      "\n",
      "\n",
      "The following objects are masked from 'package:stats':\n",
      "\n",
      "    filter, lag\n",
      "\n",
      "\n",
      "The following objects are masked from 'package:base':\n",
      "\n",
      "    intersect, setdiff, setequal, union\n",
      "\n",
      "\n",
      "Warning message:\n",
      "\"package 'ggplot2' was built under R version 4.3.1\"\n"
     ]
    }
   ],
   "source": [
    "library(dplyr)\n",
    "library(ggplot2)"
   ]
  },
  {
   "cell_type": "code",
   "execution_count": 2,
   "id": "6f1473a6-3b68-4374-9531-3ac291b84c1f",
   "metadata": {
    "vscode": {
     "languageId": "r"
    }
   },
   "outputs": [
    {
     "data": {
      "text/html": [
       "<table class=\"dataframe\">\n",
       "<caption>A data.frame: 6 × 8</caption>\n",
       "<thead>\n",
       "\t<tr><th></th><th scope=col>Date</th><th scope=col>Open</th><th scope=col>High</th><th scope=col>Low</th><th scope=col>Close</th><th scope=col>Day.Difference</th><th scope=col>Adj.Close</th><th scope=col>Volume</th></tr>\n",
       "\t<tr><th></th><th scope=col>&lt;chr&gt;</th><th scope=col>&lt;dbl&gt;</th><th scope=col>&lt;dbl&gt;</th><th scope=col>&lt;dbl&gt;</th><th scope=col>&lt;dbl&gt;</th><th scope=col>&lt;dbl&gt;</th><th scope=col>&lt;dbl&gt;</th><th scope=col>&lt;dbl&gt;</th></tr>\n",
       "</thead>\n",
       "<tbody>\n",
       "\t<tr><th scope=row>1</th><td>12-12-1980</td><td>0.128348</td><td>0.128906</td><td>0.128348</td><td>0.128348</td><td> 0.00000</td><td>0.099450</td><td>469033600</td></tr>\n",
       "\t<tr><th scope=row>2</th><td>15-12-1980</td><td>0.122210</td><td>0.122210</td><td>0.121652</td><td>0.121652</td><td>-0.00056</td><td>0.094261</td><td>175884800</td></tr>\n",
       "\t<tr><th scope=row>3</th><td>16-12-1980</td><td>0.113281</td><td>0.113281</td><td>0.112723</td><td>0.112723</td><td>-0.00056</td><td>0.087343</td><td>105728000</td></tr>\n",
       "\t<tr><th scope=row>4</th><td>17-12-1980</td><td>0.115513</td><td>0.116071</td><td>0.115513</td><td>0.115513</td><td> 0.00000</td><td>0.089504</td><td> 86441600</td></tr>\n",
       "\t<tr><th scope=row>5</th><td>18-12-1980</td><td>0.118862</td><td>0.119420</td><td>0.118862</td><td>0.118862</td><td> 0.00000</td><td>0.092099</td><td> 73449600</td></tr>\n",
       "\t<tr><th scope=row>6</th><td>19-12-1980</td><td>0.126116</td><td>0.126674</td><td>0.126116</td><td>0.126116</td><td> 0.00000</td><td>0.097720</td><td> 48630400</td></tr>\n",
       "</tbody>\n",
       "</table>\n"
      ],
      "text/latex": [
       "A data.frame: 6 × 8\n",
       "\\begin{tabular}{r|llllllll}\n",
       "  & Date & Open & High & Low & Close & Day.Difference & Adj.Close & Volume\\\\\n",
       "  & <chr> & <dbl> & <dbl> & <dbl> & <dbl> & <dbl> & <dbl> & <dbl>\\\\\n",
       "\\hline\n",
       "\t1 & 12-12-1980 & 0.128348 & 0.128906 & 0.128348 & 0.128348 &  0.00000 & 0.099450 & 469033600\\\\\n",
       "\t2 & 15-12-1980 & 0.122210 & 0.122210 & 0.121652 & 0.121652 & -0.00056 & 0.094261 & 175884800\\\\\n",
       "\t3 & 16-12-1980 & 0.113281 & 0.113281 & 0.112723 & 0.112723 & -0.00056 & 0.087343 & 105728000\\\\\n",
       "\t4 & 17-12-1980 & 0.115513 & 0.116071 & 0.115513 & 0.115513 &  0.00000 & 0.089504 &  86441600\\\\\n",
       "\t5 & 18-12-1980 & 0.118862 & 0.119420 & 0.118862 & 0.118862 &  0.00000 & 0.092099 &  73449600\\\\\n",
       "\t6 & 19-12-1980 & 0.126116 & 0.126674 & 0.126116 & 0.126116 &  0.00000 & 0.097720 &  48630400\\\\\n",
       "\\end{tabular}\n"
      ],
      "text/markdown": [
       "\n",
       "A data.frame: 6 × 8\n",
       "\n",
       "| <!--/--> | Date &lt;chr&gt; | Open &lt;dbl&gt; | High &lt;dbl&gt; | Low &lt;dbl&gt; | Close &lt;dbl&gt; | Day.Difference &lt;dbl&gt; | Adj.Close &lt;dbl&gt; | Volume &lt;dbl&gt; |\n",
       "|---|---|---|---|---|---|---|---|---|\n",
       "| 1 | 12-12-1980 | 0.128348 | 0.128906 | 0.128348 | 0.128348 |  0.00000 | 0.099450 | 469033600 |\n",
       "| 2 | 15-12-1980 | 0.122210 | 0.122210 | 0.121652 | 0.121652 | -0.00056 | 0.094261 | 175884800 |\n",
       "| 3 | 16-12-1980 | 0.113281 | 0.113281 | 0.112723 | 0.112723 | -0.00056 | 0.087343 | 105728000 |\n",
       "| 4 | 17-12-1980 | 0.115513 | 0.116071 | 0.115513 | 0.115513 |  0.00000 | 0.089504 |  86441600 |\n",
       "| 5 | 18-12-1980 | 0.118862 | 0.119420 | 0.118862 | 0.118862 |  0.00000 | 0.092099 |  73449600 |\n",
       "| 6 | 19-12-1980 | 0.126116 | 0.126674 | 0.126116 | 0.126116 |  0.00000 | 0.097720 |  48630400 |\n",
       "\n"
      ],
      "text/plain": [
       "  Date       Open     High     Low      Close    Day.Difference Adj.Close\n",
       "1 12-12-1980 0.128348 0.128906 0.128348 0.128348  0.00000       0.099450 \n",
       "2 15-12-1980 0.122210 0.122210 0.121652 0.121652 -0.00056       0.094261 \n",
       "3 16-12-1980 0.113281 0.113281 0.112723 0.112723 -0.00056       0.087343 \n",
       "4 17-12-1980 0.115513 0.116071 0.115513 0.115513  0.00000       0.089504 \n",
       "5 18-12-1980 0.118862 0.119420 0.118862 0.118862  0.00000       0.092099 \n",
       "6 19-12-1980 0.126116 0.126674 0.126116 0.126116  0.00000       0.097720 \n",
       "  Volume   \n",
       "1 469033600\n",
       "2 175884800\n",
       "3 105728000\n",
       "4  86441600\n",
       "5  73449600\n",
       "6  48630400"
      ]
     },
     "metadata": {},
     "output_type": "display_data"
    }
   ],
   "source": [
    "#read data\n",
    "AAPL <- read.csv(\"AAPL.csv\",header = T)\n",
    "head(AAPL)\n"
   ]
  },
  {
   "cell_type": "code",
   "execution_count": 4,
   "id": "7041e3b2-eea8-43e8-bafc-9f2c211cbae8",
   "metadata": {
    "vscode": {
     "languageId": "r"
    }
   },
   "outputs": [
    {
     "data": {
      "text/html": [
       "<table class=\"dataframe\">\n",
       "<caption>A data.frame: 6 × 8</caption>\n",
       "<thead>\n",
       "\t<tr><th></th><th scope=col>Date</th><th scope=col>Open</th><th scope=col>High</th><th scope=col>Low</th><th scope=col>Close</th><th scope=col>Day.Difference</th><th scope=col>Adj.Close</th><th scope=col>Volume</th></tr>\n",
       "\t<tr><th></th><th scope=col>&lt;date&gt;</th><th scope=col>&lt;dbl&gt;</th><th scope=col>&lt;dbl&gt;</th><th scope=col>&lt;dbl&gt;</th><th scope=col>&lt;dbl&gt;</th><th scope=col>&lt;dbl&gt;</th><th scope=col>&lt;dbl&gt;</th><th scope=col>&lt;dbl&gt;</th></tr>\n",
       "</thead>\n",
       "<tbody>\n",
       "\t<tr><th scope=row>1</th><td>1980-12-12</td><td>0.128348</td><td>0.128906</td><td>0.128348</td><td>0.128348</td><td> 0.00000</td><td>0.099450</td><td>469033600</td></tr>\n",
       "\t<tr><th scope=row>2</th><td>1980-12-15</td><td>0.122210</td><td>0.122210</td><td>0.121652</td><td>0.121652</td><td>-0.00056</td><td>0.094261</td><td>175884800</td></tr>\n",
       "\t<tr><th scope=row>3</th><td>1980-12-16</td><td>0.113281</td><td>0.113281</td><td>0.112723</td><td>0.112723</td><td>-0.00056</td><td>0.087343</td><td>105728000</td></tr>\n",
       "\t<tr><th scope=row>4</th><td>1980-12-17</td><td>0.115513</td><td>0.116071</td><td>0.115513</td><td>0.115513</td><td> 0.00000</td><td>0.089504</td><td> 86441600</td></tr>\n",
       "\t<tr><th scope=row>5</th><td>1980-12-18</td><td>0.118862</td><td>0.119420</td><td>0.118862</td><td>0.118862</td><td> 0.00000</td><td>0.092099</td><td> 73449600</td></tr>\n",
       "\t<tr><th scope=row>6</th><td>1980-12-19</td><td>0.126116</td><td>0.126674</td><td>0.126116</td><td>0.126116</td><td> 0.00000</td><td>0.097720</td><td> 48630400</td></tr>\n",
       "</tbody>\n",
       "</table>\n"
      ],
      "text/latex": [
       "A data.frame: 6 × 8\n",
       "\\begin{tabular}{r|llllllll}\n",
       "  & Date & Open & High & Low & Close & Day.Difference & Adj.Close & Volume\\\\\n",
       "  & <date> & <dbl> & <dbl> & <dbl> & <dbl> & <dbl> & <dbl> & <dbl>\\\\\n",
       "\\hline\n",
       "\t1 & 1980-12-12 & 0.128348 & 0.128906 & 0.128348 & 0.128348 &  0.00000 & 0.099450 & 469033600\\\\\n",
       "\t2 & 1980-12-15 & 0.122210 & 0.122210 & 0.121652 & 0.121652 & -0.00056 & 0.094261 & 175884800\\\\\n",
       "\t3 & 1980-12-16 & 0.113281 & 0.113281 & 0.112723 & 0.112723 & -0.00056 & 0.087343 & 105728000\\\\\n",
       "\t4 & 1980-12-17 & 0.115513 & 0.116071 & 0.115513 & 0.115513 &  0.00000 & 0.089504 &  86441600\\\\\n",
       "\t5 & 1980-12-18 & 0.118862 & 0.119420 & 0.118862 & 0.118862 &  0.00000 & 0.092099 &  73449600\\\\\n",
       "\t6 & 1980-12-19 & 0.126116 & 0.126674 & 0.126116 & 0.126116 &  0.00000 & 0.097720 &  48630400\\\\\n",
       "\\end{tabular}\n"
      ],
      "text/markdown": [
       "\n",
       "A data.frame: 6 × 8\n",
       "\n",
       "| <!--/--> | Date &lt;date&gt; | Open &lt;dbl&gt; | High &lt;dbl&gt; | Low &lt;dbl&gt; | Close &lt;dbl&gt; | Day.Difference &lt;dbl&gt; | Adj.Close &lt;dbl&gt; | Volume &lt;dbl&gt; |\n",
       "|---|---|---|---|---|---|---|---|---|\n",
       "| 1 | 1980-12-12 | 0.128348 | 0.128906 | 0.128348 | 0.128348 |  0.00000 | 0.099450 | 469033600 |\n",
       "| 2 | 1980-12-15 | 0.122210 | 0.122210 | 0.121652 | 0.121652 | -0.00056 | 0.094261 | 175884800 |\n",
       "| 3 | 1980-12-16 | 0.113281 | 0.113281 | 0.112723 | 0.112723 | -0.00056 | 0.087343 | 105728000 |\n",
       "| 4 | 1980-12-17 | 0.115513 | 0.116071 | 0.115513 | 0.115513 |  0.00000 | 0.089504 |  86441600 |\n",
       "| 5 | 1980-12-18 | 0.118862 | 0.119420 | 0.118862 | 0.118862 |  0.00000 | 0.092099 |  73449600 |\n",
       "| 6 | 1980-12-19 | 0.126116 | 0.126674 | 0.126116 | 0.126116 |  0.00000 | 0.097720 |  48630400 |\n",
       "\n"
      ],
      "text/plain": [
       "  Date       Open     High     Low      Close    Day.Difference Adj.Close\n",
       "1 1980-12-12 0.128348 0.128906 0.128348 0.128348  0.00000       0.099450 \n",
       "2 1980-12-15 0.122210 0.122210 0.121652 0.121652 -0.00056       0.094261 \n",
       "3 1980-12-16 0.113281 0.113281 0.112723 0.112723 -0.00056       0.087343 \n",
       "4 1980-12-17 0.115513 0.116071 0.115513 0.115513  0.00000       0.089504 \n",
       "5 1980-12-18 0.118862 0.119420 0.118862 0.118862  0.00000       0.092099 \n",
       "6 1980-12-19 0.126116 0.126674 0.126116 0.126116  0.00000       0.097720 \n",
       "  Volume   \n",
       "1 469033600\n",
       "2 175884800\n",
       "3 105728000\n",
       "4  86441600\n",
       "5  73449600\n",
       "6  48630400"
      ]
     },
     "metadata": {},
     "output_type": "display_data"
    }
   ],
   "source": [
    "#Conver Date to Date\n",
    "ds <- AAPL\n",
    "ds$Date <- as.Date(ds$Date, format = \"%d-%m-%Y\")\n",
    "head(ds)\n"
   ]
  },
  {
   "cell_type": "code",
   "execution_count": 6,
   "id": "72080438-4718-4b2b-b71e-42ea6e7d526f",
   "metadata": {},
   "outputs": [
    {
     "data": {
      "image/png": "iVBORw0KGgoAAAANSUhEUgAAA0gAAANICAMAAADKOT/pAAAANlBMVEUAAAAzMzNNTU1oaGh8\nfHyMjIyampqnp6eysrK9vb3Hx8fQ0NDZ2dnh4eHp6enr6+vw8PD////agy6EAAAACXBIWXMA\nABJ0AAASdAHeZh94AAAgAElEQVR4nO3djWLauBJAYS1t03bbLeX9X3YDGLCwZEvyyCONzty7\nIT/Kh9PqFAKEuAvDMLvHaR8Aw1gYQmIYgSEkhhEYQmIYgSEkhhEYQmIYgSEkhhEYQmIYgdkb\n0nlrtlcUDSxuAy4hmWBxtV1CMsHiaruEZILF1XYJyQSLq+0SkgkWV9slJBMsrrZLSCZYXG2X\nkEywuNouIZlgcbVdQjLB4mq7hGSCxdV2CckEi6vtEpIJFlfbJSQTLK62S0gmWFxtl5BMsLja\nLiGZYHG1XUIyweJqu4RkgsXVdgnJBIur7RKSCRZX2yUkEyyutktIJlhcbZeQTLC42i4hmWBx\ntV1CMsHiaruEZILF1XYJyQSLq+0SkgkWV9slJBMsrrZLSCZYXG2XkEywuNouIZlgcbVdQjLB\n4mq7hGSCxa3lukSXkEywuLVcQhqKxa3lEtJQLG4l1xHSUCxuJZeQxmJxK7luum5HSGOwuJVc\nQhqLxa3kEtJYLG4d150JaSgWt45LSIOxuHVcQhqMxa3jEtJgLG4dl5AGY3GruO75gpDGYHGr\nuIQ0GotbxSWk0VjcKi4hjcbiVnEJaTQWt4brXi8JaQwWt4brXieENAaLW8MlpOFY3BouIQ3H\n4tZwCWk4FreGS0jDsVquq+QWj6TrZq8Q0hgsIVVwCWk8lpAquIQ0HktIFVxCGo8lpAouIY3H\nEpK86+avEdIYLCHJu4Q0IEtI8q6bv0pIY7CEJO8S0oAsIcm7hDQgS0jirvNeJ6QxWEISd/0v\njZDGYJVcR0jPBYRkgdUKqfgiqf0/B0IakSUkcZeQRmQJSdp9+8IODIkZb5zdXVP+hXGJ1DHL\nJZK0q3eJtHlofW3NvlhCknTdmZAGZQlJ0iWkYVlCknTd8p5mQhqDJSRJ1y2/LkIagyUkSZeQ\nhmUJSdIlpGFZQpJ03fIxhIQ0BktIkm7gyyKkMVhCEnQDN9oR0iAsIQm6oa+JkMZgCUnQJaRx\nWUISdAlpXJaQBF1CGpclJEGXkMZlCUnQJaRxWUISdAlpXFbHDd3hIuHuGEIqHlg1l5BmCwjJ\nAktIgi4hjcsSkqBLSOOyhCToEtK4LCEJuoQ0LktIgi4hjcsSkqBLSOOyhCTnBr8kQhqDJSQ5\nl5AGZglJziWkgVlCknMJaWCWkARc551kuoRkgiUkAZeQYFVc93wh6+6ZHa4jJFhC2u8SEiwh\nCbiEBEtIAu7jx30JaWCWkHa7bvULIqQxWELa6d6eN5+Qhmc13JUrQrvcXVMc0uNF5OshpDFY\nQtrpEhKslktI3gJCssAS0k73EVLsyyGkMVhC2ukSEqyWay+klWeOJaQxWAV37XEAe9x9szOk\n6FdDSGOwhLTTJSRYJddkSOUuIZlgCWmnS0iwSq7FkHa4hGSCJaSdLiHBHu3614IIaVpASBZY\nQtrnbn4VhDQGS0j7XEKCPdwlpOACQrLAHug6/+ffCGlaQEgWWELa5xIS7KGue4TkZu8RcMWG\nkIoH9kCXkKILCMkCe5DrCCm6gJAssEeFNP2PkJYLCMkCe4zrzoQUXUBIFthDQ/J+JJuQpgWE\nZIE9xL1dEt0vjpz3zp2u5BBS8cAe5c6esoqQFgsIyQJ7hPt6aBAhBRYQkgX22JDmz21ASNMC\nQrLAHuBG9hohTQsIyQJLSNmui75R5BKSCba+G9tqhDQtICQLrI2QCq1NN3hehASr4RLSxgJC\nssAS0pobPC9CgtVwjYXk+B4JVsU1F5J3boQEe5BLSBsLCMkCayKk+O+C2OeGzupMSLAqLiFt\nLCAkC6yNkASu26X9OTwex57+VEiENAarF1Lh5ickQmqRJaQV1zuL14l7XZkkJNijXBMhucdP\n+N7fICTYw10jIZ3nIbkzIcEe7FoIyf/WiJBgj3fjW62/kJ71zJra5d4WZIV0ur/8nPkpIamz\nhLTizs7g3EZIUz/Ti9cbhKTNEtKKOzuD18vzeXbDw8EhnS6E1ChrISRXam243jmc30NaPMih\nwL0tyLlEmmVDSE2xhBR3vXMIvJl0vseE9M91Ej6d6Xbiu2PvjVRzSMyKnkPoTSd7vlkhnS5c\nIrXEcokUd71zCL6Z8GjZWpdIhNQWS0hxd34GkbfVQjr5LwhJmzUS0v6SckKScu8LSkI6vdVE\nSNosIcVd7wxquPcFBSHNcyKkJlhCirveGdRw7wvyQzqdpoc08MiGZlhCirveGdRw7wuyQlqb\n/cdSNrBHuIS0tYCQLLCEFHe9M6jh3hcQkgXWQEj3x+vsfQIUQioe2CPco0Lae5lESMUDe4S7\nElLRhUgkpNVzKnOX5yDt3hcQkgVW9RKJkM6EZIRVDKlsg8ZD2lcSIRUP7BEuIW0tICQLLCEl\nfDIhwaq7q5uwYIdWCmn1hg9CglV3Dwxpz4YnpPKBPcLtIyR3vkjf4TUNIY3B9h+SC76aN5+f\nSEjFA3uES0hbCwjJAlvbXd+EjYR0/TxCKh7YA9zWQ3o+cvwS/2xCglV3mw/JEdLegT3AbT6k\nxw3fhFQ8sAe4G5swf4+uhVTAPT+DkIoH9gCXkDYXEJIFlpBebuyzCQlW3W0xpOBnxEOq93NO\n9wWEZIEdMqTZA+veQgoBhASr71YPyUXfWDnTwAPGCal4YA9wjw0pzZsF8xZS8DHghASr7/Yf\n0r6OCGkQlpBmrgs9HwshwTbgbm3D7G1aNaQQQEiwDbgHh5TkPR+omhLSzo4IaRCWkHyXkPIH\n9gC3wZDcbB0hCQzsAW6rIXkvZy4h5Q/sAe7RISWAqyGVXFVcHUIagyWkN5eQsgf2ALd2SMGr\nYusoIQkP7AFusyF5tzmcYyHt7oiQBmG1Q1pcMiS6/qe/vWP9Fy8RkvDAHuAeHtLtXtUdIfki\nISUM7AGuTkir3vzhQYQkMLD13bzb0NLdt09/e09ySLNlwZD2d0RIg7DdhbR5qxohlR9L2cDW\ndxVCej3n44awHZJAR4Q0CGs0pLUc3OuVUEjzjwsMIY3B9haSm12eRD6RkIqPpWxg67sJe/Ht\nZuit1X5Ioc9LDsm7mXwZkkhHhDQI20pIqbs2IaT3BzcUhiTTESENwrYR0vrNbN5q550mhLRo\nNNwYIRUPbH1XOqTnwq2QZt/prIQ0m8v7AkJKHdj6rkpI/kfeQ4p8CiEVD2x9Vz6k6VdUVg9J\nqCNCGoSt66bchkBIhGSAreombcb3kFY/6RGS297uz5v3CCn5WMoGtrZbEtLWj0B4Ia2tfd74\nlh3SJp0zhDQGW9NNvro22+2bjzctC2nlbqXX8XpLCCl5YCu7uiG9bnxzhJR4LGUDW9mtHtLG\n1cD7EFL6sZQNbB3XPdyCkNzKZ7lXSNN/iQ8sKglJqiNCGoStEdLtYmDlt4S/ry8PKeMM5m+F\nxvtzSH/I0uYQ0hhspUskF/xVQ9H1hERInbP1rtqlP6DbDym2h919FSERUotsze+R0teXhZRV\n6tvhLYaQige2iuty3fntaushXT9yeawlJEJqiG0gpPu2fdyqXSUklxmSXEeENAjbTUiPyypC\nIqQWWUKahpCKB7aKWzGku/soKONmweyQ5IaQxmCbCOl5E0NaSI9b+IpCin0SIRUPrJjrlq8T\nUqJLSCbYpkJ63QQeP4dZSOlHN/95p8giQioeWDE38C0IISW6hGSCJaSnW2cIaQy2hZDOmSEt\nz3SLJ6S0YykbWDGXkKJDSGOwQiEtbxXLDel5X1Jwq7/el/5zTrNPJqS0YykbWDFXJqSVi5p5\nSNlDSKnHUjawYi4hRYeQxmBFXDe7UlYSkocQEiF1yPYR0uw9hERILbKSIblGQzo7Qko7lrKB\nlXJFQlr8eljvDJ5DSITUIttSSItXlh8qDGkVL3dThpDGYAVDct6GJaREVy4kpvdxtz1we7lj\nM7jFK8sPFcsreDPDJVLHrNwlkjvvvESacSvv4RKJkFpkRUOa38wsFNLiUUOEREgtskIhzb9N\n2u8uHgNLSITUOCsW0tvDfFoNKfqIV0IqHlgpl5DiQ0hjsI2H9GBfQ0iE1CIr9z3S/RVCynUJ\nyQQ7REhnQko7lrKBlXJnN4kRUq5LSCZYCXe27wkp2yUkE2yTIc0u4giJkLpgCWmfuzmENAbb\nekjn+Y9m7HAJKeVYygZWyK0X0vMhfK8pdZ0vL4aQigdWyH2/bWC/S0iE1BkrG9KZkLJdQjLB\nDhZStCNCKh9YIZeQVoaQxmAFXBd8nZASXUIywTYdkjsTEiH1we53XfgNQkp0CckE22ZIs21P\nSITUA0tIO92tIaQx2N1ubGsKhPR44Z0FIRFSi+xYIcU7IqTygZVwCWl9CGkMdq9b6SE3FUJy\n75I/hFQ8sAJuNyGdp5ZiQ0jFAyvgVgzpefOAVEirQ0jFA7vfrXUrGCERUl8sIWm7hGSCJSRt\nl5BMsM2HdHaEREjtsyIPLhV355dDhERIHbCEpO0Skgm2g5D8M2nyz2GPS0gmWELSdgnJBLvL\nXelo9x29bvmahBsdQioe2L0uIQm4hGSC7SAkUTc6hFQ8sHtdQhJwCckEu+vR1JXcm01IhNQT\n22xIldzoEFLxwO50CUnCJSQTLCFpu4Rkgt3hrnbU4PE26hKSCZaQtF1CMsESkrZLSCZYQtJ2\nCckEW+6ud9Te8bbqEpIJlpC0XUIywRKStktIJlhC0nYJyQRLSNouIZlgCUnbJSQTLCFpu4Rk\ngiUkbZeQTLCEpO0SkgmWkLRdQjLBEpK2S0gmWELSdgnJBEtI2i4hmWAJSdslJBMsIWm7hGSC\nJSRtl5BMsISk7RKSCZaQtF1CMsESkrZLSCZYQtJ2CckES0jaLiGZYAlJ2yUkEywhabuEZIIt\ndjc6au54m3UJyQRLSNouIZlgCUnbJSQTLCFpu4RkgiUkbZeQTLCEpO0SkgmWkLRdQjLBEpK2\nS0gmWELSdgnJBEtI2i4hmWAJSdslJBMsIWm7eSGd7i8/Z35KSOosIWm7WSFN/UwvXm8QkjZL\nSNpuTkinCyE1yhKStpt1iURIrbKEpO2KhPTPdRI+nWlu9t7ExCyGS6SOWS6RtF1CMsESkrZL\nSCZYQtJ2CckES0jaLiGZYAlJ2y0IiUc2tMcSkrabF9La7D+WsoHd4xKSkEtIJlhC0nYJyQRL\nSNruSkg/vzl3+fofIXXAEpK2Gw3p7xf3ORfnfhNS+ywhabvRkD7c98+KLv+6r4TUPktI2m40\npM+Inv8RUussIWm7hGSCJSRtNxrSdNXuu/sgpPZZQtJ2oyH9PbnbnP4QUvssIWm70ZAulx9f\nnPvy/W9iR4SkyRKStrsSUubsP5aygd3jEpKQS0gmWELSduMh/TxdLr/d6QchdcASkrYbDemn\nc5c/1xscUkvafyxlA7vHJSQhNxrSF/f787+f/7nTJW32H0vZwO5xCUnIjYb0eYH0y33hDtk+\nWELSdqMhndyfD/ff9bskQmqfJSRtNxrSj+udsdcLpO+E1D5LSNpuNKTLd3f69XnBlNoRIWmy\nhKTtxkPKnf3HUjawe1xCEnIJyQRb6m511NrxtuvGQ/r7ncfadcMSkrYbDekPj/7uiCUkbTca\n0of7+pnQn6/8PFIPbJIbqIaQpNxoSI87YrlDtgeWkLRdQjLBpriOkCq60ZC4atcTS0jabjQk\nbmzoiU0KKZANIUm50ZC4+bsnNsF1oWwIScqNh5Q7+4+lbGDXXfc6JaR6LiGZYAlJ2w2H5OZD\nSO2z2yG5MyHVdAnJBBt3HzcxEFJdNxxSyew/lrKBXXXnIS1vuCMkKZeQTLCbIU01vd+XREhS\nbiykn7efMP/9kfx7xghJk00NiUukWm4kpK/O3RI6Jf+kOSFpsokhLcohJCk3HNK/tx8zv14k\nndy/hNQ+uxaSd8M3IVVywyF9db+m137xG/t6YKPudGMdIdV2wyHNbvPm5u8eWELSdrdD4nnt\nOmBXQ5o/7puQKrnhkL66x2O+//BjFD2w6yGdCam6Gw7p5zOfj+d3S4TUMLsRUvRtQpJywyFd\nTu7b78+T39+uT/9NSM2zySG9vYOQpNxISI8f60v/uT5C0mSXrvNOFu8PvpXiCo05NxLS5fLv\nt8+MvqXeiURIuuzCdfdbGDYeprrZkb0NX8uNhpQ9+4+lbGAD7uPRDIR0lEtIJtg393G9LvB8\nJ4RUx90MiTtke2DDIXGJdJxLSCZY313rg5DquJshJc/+Yykb2IWbGtJ2R/Y2fC2XkEywhKTt\nEpIJlpC03XBIn98YzZ/+5CPlXtn9x1I2sAuXkI53k0JKepzQ/mMpG9h3d7WP+Y/KEpKcGw7J\nnz9Jt9ztP5aygX13CUnBTQnp8iPlRyn2H0vZwL67KSG54MMe1l3JMeeGQ+IJIjtjCUnbJSQT\nbH5Iwd/ysu5Kjjk3HNJ1vt1/0di3xI4ISZMlJG03GtI3d//NSC61pP3HUjaw725CSC78e8fW\nXckx50ZDmq7S/eWqXQ8sIWm70ZC+Pn6HLJdIHbDpIc1+VImQBN1oSPwO2Z5YQtJ2oyFNv0P2\nB79Dtgd27m708bwnNqUjexu+lhsPKXf2H0vZwL65hKThEpIJ9uVuXmMjpCruVki/v/OUxR2w\ns5ACz9PgDSFVcVdD+vVxcjz3dw/s091+5E/iY4PeXOkx58ZD+vVx+1Gk1GcsJiRNdh7SxhBS\nFTcS0r0i55JvsyMkVZaQtN1wSNNlUfKjGghJmX24CYkQUhU3FtK3v5eMp+IiJGU2I6Tz1q0R\nIVd8zLlcIplgc0LKuUCyt+FrueGQ+B6pM3ZycxLJceXHnBsJ6dnSx29C6oAlJG03HtKF+5H6\nYQlJ210N6cIjGzph7658R/Y2fC13K6T02X8sZQP7dAmJkMoH9ukSkoWQGO3hb7CJ4RKpY/bm\nVrhAsnfJUcslpD7Z92gISdklpD7ZQEg1OrK34Wu5hNQnS0iNuYTUJ+v/MglHSNouIXXJOv+n\nIZy71OnI3oav5RJSl6wfkkt4qobCMbfha7mE1CV7ew78eUjmNmZvLiF1yRJSay4hdckSUmsu\nIXXJeiE5OXcxuIkuIXXJuvlvCiOkBlxC6pK93U5HSA25hNQjO90d+/ylYQY3Zm8uIfXIElJz\nLiH1yBJScy4h9cjOvjmaXje3MXtzCalHlpCacwmpR5aQmnMJqUN2fk+sE3QDg5voElKHLCG1\n5xJShywhtecSUofsLKTHq+Y2Zm8uIfXHzn/EnJAacQmpP5aQGnQJqT92/lwNkm5ocBNdQuqP\nJaQGXULqjp09ywkhNeMSUnesC71qbmP25hJSdywhtegSUtNs6Mnqgk9gZ25j9uYSUtNsIJrw\nE0Ga25i9uYTUNOuWrxNSky4hNc16Ibnb8xITUpMuITXNvl8iEVKrLiG1zLrFVbvYc+Wb25i9\nuYTUMktI3biE1DLrlvcZEVKbLiG1zAZCEnHTBzfRJaSWWULqxiWkllnn/eyRnJs+uIkuIbXM\nElI3LiG1zBJSNy4htcwSUjcuIbXMElI3LiE1zHoPCCKkpl1CapglpH5cQmqYnYe03pG9jdmb\nS0gNs4TUj0tIDbOE1I9LSA2zhNSPS0gNs4TUj0tIDbOE1I9LSA2zs5A2OrK3MXtzCalhlpD6\ncQmpYfYV0lZH9jZmby4hNcw+Q9rsyN7G7M0lpIZZQurHJaSGWTf7T9LNGNxEl5AaZlefEnKH\nmzG4iS4hNcwSUj8uIbXL3p8RMqkjexuzN5eQ2mUJqSOXkNplV5+jeIebM7iJLiG1yxJSRy4h\ntcsSUkcuIbXLuucLWTdncBNdQmqXJaSOXEJql01sKNvNGdxEl5DaZQmpI5eQ2mUJqSOXkNpl\nCakjl5DaZQmpI5eQmmVzOrK3MXtzCalRNvGO2Gw3c3ATXUJqk83LyODG7M0lpCbZ3I7sbcze\nXEJqkc3uyN7G7M0lpBZZQurOJaQWWULqziWkFllC6s4lpBZZQurOJaQG2fyO7G3M3lxCapAl\npP7ckpBOnzM/JSRhlpD6cwtCOk0vTs83CEmWJaT+XEJqkCWk/lxCapAlpP5ckZD+uU7qp4vN\n3ltH2h27X9kIk31jg/YlkqvDnvVZLpH6cwtCauWq3fQTO9ZCSvz1E9lu2eAmuoQUGS3WEVKX\nbr8hPTactZByfzY20S0c3ES375Cue85WSC77h8zT3NLBTXQLQlJ9ZIN7e80RUpJbOriJbklI\n4dl/LCljPKTbL7skpA7d1kN621TuPaSzuwQX7h69kIq+FHMbsze3+ZD8f59nvwjSYkhu9lLS\nLR/cRLf5kM4bIT2DEi5JMSR5t3xwE93+Q7rk/M7i9NEIaceXYG5j9uY2HtLbvZPude3n+W47\nIe35CsxtzN7c7kJ63H/0Cml6LyHVGNxEt8OQnH8b8eWxSrak40PadfzmNmZvboch3V/rO6TA\nse47fHMbsze3q5Dem3qyzp37C8k/3p1Hb25j9ua2H9LiwQwBtr+QnPfo1P2Xp+Y2Zm+ujZAC\n/8LvnQNCet0Htv9eMHMbsze3yZD8+4oW9xxF2I5Cet2ML/UvgLmN2ZvbTEjet0LeoxYsh/S8\nbJJx5Qc30W0npNB3DIZDeo3IcZvbmL25rYTkfccwVkiCrvzgJrothTT/jmH2kpCSXfnBTXT1\nQ/J+dOD5HUNBSLLbU/Rv5HVkhGTUbSwk/0qdlZCcF5L4gzAmt8rgJrrqITk/lue7Xy+9m/DW\n2G5Cku/I3sbszdUPKXJnqvNfBNe8sa2GNL8Iukjc+xoYcxuzN1c7JBd7VAIhZY25jdmbS0iR\nkfsb8b6+S51vkextzN5c5ZDcORbS6922QqoQ0c2tw+Kmug2EFPk32kpI/q2ShGTUbSOk0O5y\n73uQkFbG3MbszdUN6bHJgrvr+W7/JM42GdLbwVfqyN7G7M1tIaTIzVjZIYnuUkLCzXFVQ3ru\nLrshhR+xIT/mNmZvbhMhCV21az2k6//NbSDcaYFiSFv73nkFxVZ3E5IjJMMuIW2ze2Ye0vV/\n5jYQ7rRAL6TNbW8gJOe96qr9NidcbVcvpIRd792olxCSZEk1QjoTklm3h5DO/pN9r7AthyTJ\nLgdX2W06JG85Ia0NrrLbTUhJLCHhKrlqIYnteULCbcC1FZJgSYSEm+MSUgpbPIQ0iktIKWzp\nLA/H3AbCnRYQUgJbOoQ0jEtIKWzpENIwrlZItXZ8nT5Lh5CGcQkpiS0cQhrGJaQktnAIaRh3\nhJCKzkvibyRwxuY2EO60gJBS2LIhpHFcQkpiy4aQxnGVQqr3oLiArBVS6HzNbSDcaQEhJbEl\nQ0gDuYSUxpYMIQ3kElIaWzDBszW3gXCnBUeG9NpahCQ8uMquRkiu6k/gufe3yn6vFyHh5riH\nhnSeng5I9FfWERJuA+7xIRVv7TjrTSshhc/V3AbCnRYcHdLqc9SVzHZIRWdHSLg57rEh1fg9\nxISE24B7dEgSX9SSnY93Fo6QcA9xDw6pwqyHNP1vP5s7kfM0t4FwpwWElMbmDiGN5doLydvC\nhIR7jEtIqWzmENJYLiGlsplDSGO5hJTKJo7zTsTYrcFVdgkplU0cQhrTJaRUNnEIaUzXZkhu\n9mrhY82LQ1p/DJS5DYQ7LSCkRDZt3MaDCc1tINxpgfWQnv/tZdPGbZyfuQ2EOy2wGJJTDmnl\n7MxtINxpASElsmlDSIO6BkP67EgzpPUfFTG3gXCnBUOEVFASIeHmuISUzKbM5sWfuQ2EOy2w\nGJJ3q53/yg42ZTbPx9wGwp0WEFIqmzKENKprOiQ3e9d+NmUIaVTXYkjnx4YmJNyjXELKYTcp\nQhrVlQupqXGzl++vCtBRzdQfIlM0pi+R8i+S4pdIaw9d4BJpVJeQctibtPLc5dvnYm4D4U4L\nxgopvafVkGIOIQ3rElIOeyfi1+0IaViXkHLYO0FIuMsFhkNy7+8QCinuENKwLiHlsHHIubSf\naTe3gXCnBYOEtLyyV8KewyHdH25OSCO7o4WUXFJWSI+XhDSsS0g57AwNXm8kpGFdQsphz4SE\nG1lASBnsHA3ctp6Am9tAuNMCQspgz8GQnhdShDSuO1ZIGU8DvhnSMilCGtg1HJJbvKdySCm4\nuQ2EOy0YJaTpXYIhLW93IKRxXULKYc+EhBtZYDOkwL2j8iHlP+7I4AbCnRYMFlLosiqDJSTc\nyAJCymF3PoDP4AbCnRYQUg4bvk09Y8xtINxpASHlsOHb1DPG3AbCnRYQUg67DCnzVz2b20C4\n04JhQpreJR5S+qOOVtjdg6vs2g1psb8rhcQlEu551JDK7zldXF/MysjgBsKdFhBSDktIuJEF\nhJTDEhJuZIHRkAKxEBJuPddsSMuRCGl5SyAh4d4WEFIOuwgpsyN7Gwh3WjBOSGe3O6Tl1UVC\nwr0vIKR0dvlphIQ7LRgppMedsYSEK+2OGFLSLQQBNvRZhIR7X0BIySwh4cYXEFIqG/wkQsK9\nLyCkRDb8OYSEe18wWkjntd+4t8YSEu7agoFCOu8JKbeYRFZqcJVdQkpjhTqyt4FwpwWElMQS\nEu76AkJKYaU6sreBcKcFhJTCEhLuxoKRQroNIeFWcAkpiSUk3I0FhJTCEhLuxgJCSmDFOrK3\ngXCnBYSUwBIS7tYCQkpgCQl3awEhJbCEhLu1YMyQttN4sUndpY65DYQ7LSCkLZaQcAlpOfkh\nZT95XRIrO7jKLiFtsoSES0jLyQ3J5T9VUAorPLjKLiFtsYSES0iByQ9J8JqdvQ2EOy0gpA2W\nkHAJKTAFIQmOuQ2EOy0gJO9jS5aQcAkpMISEW8ElJP9jS5aQcAkpMO7x1A3Bjy1Y2Y7sbSDc\naQEheR9bsISEm+ISkv+xBUtIuCnugCHd0wiH9HovIeHmuIQ0/9CZkHDL3PFCOm+H5M6EhJvn\nEpL3keljn5dahISb4xKS95HH7RCEhJvnEpL3kUVIwh3Z20C404KBQ1pEQki4pS4heR95PHqI\nkHDzXELyPkJIuGUuIXkfISTcMnfYkELPxfB6ElZCws1zCcn7yPNyyhESbo5LSP5HnB+SdEf2\nNhDutG3NvoEAAAbiSURBVICQvI883kdIuFkuIfkfISTcIpeQ/A8QEm6RO3RIb53Mn8uBkHCz\n3AFDmoaQcAXdkpBOnzM/7TSkxV2y87cICTfLLQjpNL04Pd8wEZIjJNxyl5Beby9DEu/I3gbC\nnRYUhnQxEdK8FELC3eEWhXT/3ugV0j/XSf30VsZdv+DZF+28PwE3e8kwGZMe0lRR55dI709v\n93bDwyX4+PDdY+5fYtxpQUFIF0IqHnMbCHdaQEjzN+cfJSTcdJeQvDdnH13eYSsx5jYQ7rSA\nkOZvzj5KSLgZbkFIRh7ZkBCSfEf2NhDutKAgpPDsP5ayISTcBtyBQ7rNyo0NNW5rsLeBcKcF\nhLR47fkmIeGmuqOH9Pq5icj7hcfcBsKdFhCSfyrExsbcBsKdFhCSfyrExsbcBsKdFhCSfyrE\nxsbcBsKdFhCSfyrExsbcBsKdFhCSfyrExsbcBsKdFhCSfyrExsbcBsKdFhCSfyrExsbcBsKd\nFhCSfyrExsbcBsKdFhCSfyrExsbcBsKdFhCSfyrExsbcBsKdFhCSfyrExsbcBsKdFhCSfyrE\nxsbcBsKdFhCSfyrExsbcBsKdFhCSfyrExsbcBsKdFhCSfyrExsbcBsKdFhCSfyrExsbcBsKd\nFowe0uv3jsmykTG3gXCnBYTknYixkTG3gXCnBYTknYixkTG3gXCnBYTknYixkTG3gXCnBYTk\nnYixkTG3gXCnBYTknYixkTG3gXCnBYTknYixkTG3gXCnBYQ0eynIRsbcBsKdFhDS7KUgGxlz\nGwh3WjB8SO9Ppi/FhsfcBsKdFhASIeHudwkp8nz5zR4tbpMuIRESroBLSOdz8Ncut3u0uC26\nhHQmJNz9LiFdJ/Brlxs+WtwGXUK6DiHh7nQJ6TbL37vc8tHitucS0m0ICXefS0j3ISTcXS4h\nmWBxtV1CMsHiaruEZILF1XYJyQSLq+0SkgkWV9slJBMsrrZLSCZYXG2XkEywuNouIZlgcbVd\nQjLB4mq7hGSCxdV2CckEi6vtEpIJFlfbJSQTLK62S0gmWFxtl5BMsLjaLiGZYHG1XUIyweJq\nu4RkgsXVdgnJBIur7RKSCRZX2yUkEyyutktIJlhcbZeQTLC42i4hmWBxtV1CMsHiaruEZILF\n1XYJyQSLq+0SkgkWV9slJBMsrrZLSCZYXG2XkEywuNouIZlgcbVdQjLB4mq7ciFtzj+1z0B0\n+jra3g7X8vESkjd9HW1vh2v5eAnJm76OtrfDtXy8hORNX0fb2+FaPt7qITHMCENIDCMwhMQw\nAkNIDCMwhMQwAiMc0ukxsmyl6etoezvc2/R0zLuOVSqkk3fyPL08jit2qjSn2cvGj/b1d9vH\n4XpH1tMxpx/rbMlzhEJ6PwPv9BQ/VZrI33KjR3t5O4KWD3eWfGfHnH6sr8+YjUxIp1jULf65\nvQ63j6N9nncHh3t6b6ifY84I6RQ4UumrdqGrme9/Ttpb83H+fRzt67y7ONz3kLo55vRjvYSO\ntPb3SJFj0f5zC/8T7320laO9dPeHu3aJ9HijvWNOP9b3Jbc5IKTTxT+W97ePnuf5d3G0b4cy\nP3283tThJoTU5jGnH+sldKTjhTQ76w6O9nkMl04Ol5BkjmV5NfP9D3X5h3zszA6wg6Odn3MX\nh/seUjfHnH6sl9CRVr9ECv9htfFvfCdH+36YTR/u5iVSq8ecfqyX0JFWv0N2dnIKvK00kZDa\nPNpoSC0e7lZIzR5z+rFeQkcqG9Ki2OdF5exk/rbWhP99afRo3/6e2z7c0/PQXm9d+jhm/82V\nY60Zkn8Imhc26dPX0fZ2uLfp6Zj3HatoSLOUJdlK09fR9na4t+npmHceKz9GwTACQ0gMIzCE\nxDACQ0gMIzCExDACQ0gMIzCExDACQ0g9jbvN6fsf/90/27+XxvwQUk/jHvPr7d1Kx8M8h7+C\nnuZezJ8Pd/q7fDejOfwV9DSPYj7cj8+Xv79dr+bdL6c+3/z74dzH37VPZ+oNIfU0j5D+c18v\nl1/3a3nfHyGdrqdfVI9v4CGknuZ5He76yhf37zUpN737x2dSl+/up+bxDTyE1NN4IX1+s/Tr\nx9dnSF9u73LftI5t8CGknsYP6ev9ut301uMGPcXDG3n4c+9pHpn8vl7wfLgvP3/9IaQ2hj/3\nnuaRybfrt0L3m+rertoxSsOffk/zuh/p9sbvy9/X90jfrzc2/Hu9OY9RGELqaZ6PbPh9uZbz\n+h7pM6y/t5u/3X/axzjoEFJPcy/ny/f73a4fzn39fQ3p5+0S6s/tbd0DHHcIiWEEhpAYRmAI\niWEEhpAYRmAIiWEEhpAYRmAIiWEEhpAYRmAIiWEEhpAYRmAIiWEEhpAYRmD+B2DkAhibJpKT\nAAAAAElFTkSuQmCC",
      "text/plain": [
       "plot without title"
      ]
     },
     "metadata": {
      "image/png": {
       "height": 420,
       "width": 420
      }
     },
     "output_type": "display_data"
    }
   ],
   "source": [
    "p2020 <- ds %>% \n",
    "    filter(Date > \"2020-1-1\" & Date < \"2021-1-1\") %>% \n",
    "    ggplot(aes(x = Date, y = Adj.Close)) +\n",
    "    geom_line()\n",
    "p2020"
   ]
  },
  {
   "cell_type": "code",
   "execution_count": null,
   "id": "5b9dc3a3-761f-4a89-8651-8393c24fe198",
   "metadata": {},
   "outputs": [],
   "source": []
  }
 ],
 "metadata": {
  "kernelspec": {
   "display_name": "R",
   "language": "R",
   "name": "ir"
  },
  "language_info": {
   "codemirror_mode": "r",
   "file_extension": ".r",
   "mimetype": "text/x-r-source",
   "name": "R",
   "pygments_lexer": "r",
   "version": "4.3.0"
  }
 },
 "nbformat": 4,
 "nbformat_minor": 5
}
